% lua-widow-control
% https://github.com/gucci-on-fleek/lua-widow-control
% SPDX-License-Identifier: MPL-2.0+ OR CC-BY-SA-4.0+
% SPDX-FileCopyrightText: 2022 Max Chernoff

Percentile	Natural Long
0.063734863	nan	nan
0.127469726	nan	nan
0.191204589	nan	nan
0.254939452	nan	nan
0.318674315	nan	nan
0.382409178	nan	nan
0.446144041	100	nan
0.509878904	100	nan
0.573613767	100	nan
0.63734863	100	nan
0.701083493	100	nan
0.764818356	100	nan
0.828553219	100	nan
0.892288082	100	nan
0.956022945	100	nan
1.019757808	100	nan
1.08349267	100	nan
1.147227533	100	nan
1.210962396	100	nan
1.274697259	100	nan
1.338432122	100	nan
1.402166985	100	nan
1.465901848	100	nan
1.529636711	100	nan
1.593371574	100	nan
1.657106437	100	nan
1.7208413	100	nan
1.784576163	100	nan
1.848311026	100	nan
1.912045889	100	nan
1.975780752	100	nan
2.039515615	100	nan
2.103250478	100	nan
2.166985341	100	nan
2.230720204	100	nan
2.294455067	100	nan
2.35818993	100	nan
2.421924793	100	nan
2.485659656	100	nan
2.549394519	100	nan
2.613129382	100	nan
2.676864245	100	nan
2.740599108	100	nan
2.804333971	100	nan
2.868068834	100	nan
2.931803697	100	nan
2.99553856	100	nan
3.059273423	100	nan
3.123008286	100	nan
3.186743149	100	nan
3.250478011	100	nan
3.314212874	100	nan
3.377947737	100	nan
3.4416826	100	nan
3.505417463	100	nan
3.569152326	100	nan
3.632887189	100	nan
3.696622052	100	nan
3.760356915	100	nan
3.824091778	100	nan
3.887826641	100	nan
3.951561504	100	nan
4.015296367	100	nan
4.07903123	100	nan
4.142766093	100	nan
4.206500956	100	nan
4.270235819	100	nan
4.333970682	100	nan
4.397705545	100	nan
4.461440408	100	nan
4.525175271	100	nan
4.588910134	100	nan
4.652644997	100	nan
4.71637986	100	nan
4.780114723	100	nan
4.843849586	100	nan
4.907584449	100	nan
4.971319312	100	nan
5.035054175	100	nan
5.098789038	100	nan
5.162523901	100	nan
5.226258764	100	nan
5.289993627	100	nan
5.353728489	100	nan
5.417463352	100	nan
5.481198215	100	nan
5.544933078	100	nan
5.608667941	100	nan
5.672402804	100	nan
5.736137667	100	nan
5.79987253	100	nan
5.863607393	100	nan
5.927342256	100	nan
5.991077119	100	nan
6.054811982	100	nan
6.118546845	100	nan
6.182281708	100	nan
6.246016571	100	nan
6.309751434	100	nan
6.373486297	100	nan
6.43722116	100	nan
6.500956023	100	nan
6.564690886	100	nan
6.628425749	100	nan
6.692160612	100	nan
6.755895475	100	nan
6.819630338	100	nan
6.883365201	100	nan
6.947100064	100	nan
7.010834927	100	nan
7.07456979	100	nan
7.138304653	100	nan
7.202039516	100	nan
7.265774379	100	nan
7.329509242	100	nan
7.393244105	100	nan
7.456978967	100	nan
7.52071383	100	nan
7.584448693	100	nan
7.648183556	100	nan
7.711918419	100	nan
7.775653282	100	nan
7.839388145	100	nan
7.903123008	100	nan
7.966857871	100	nan
8.030592734	100	nan
8.094327597	100	nan
8.15806246	100	nan
8.221797323	100	nan
8.285532186	100	nan
8.349267049	100	nan
8.413001912	100	nan
8.476736775	100	nan
8.540471638	100	nan
8.604206501	100	nan
8.667941364	100	nan
8.731676227	100	nan
8.79541109	100	nan
8.859145953	100	nan
8.922880816	100	nan
8.986615679	100	nan
9.050350542	100	nan
9.114085405	100	nan
9.177820268	100	nan
9.241555131	100	nan
9.305289994	100	nan
9.369024857	100	nan
9.43275972	100	nan
9.496494583	100	nan
9.560229446	100	nan
9.623964308	100	nan
9.687699171	100	nan
9.751434034	100	nan
9.815168897	100	nan
9.87890376	100	nan
9.942638623	100	nan
10.00637349	100	nan
10.07010835	100	nan
10.13384321	100	nan
10.19757808	100	nan
10.26131294	100	nan
10.3250478	100	nan
10.38878266	100	nan
10.45251753	100	nan
10.51625239	100	nan
10.57998725	100	nan
10.64372212	100	nan
10.70745698	100	nan
10.77119184	100	nan
10.8349267	100	nan
10.89866157	100	nan
10.96239643	100	nan
11.02613129	100	nan
11.08986616	100	nan
11.15360102	100	nan
11.21733588	100	nan
11.28107075	100	nan
11.34480561	100	nan
11.40854047	100	nan
11.47227533	100	nan
11.5360102	100	nan
11.59974506	100	nan
11.66347992	100	nan
11.72721479	100	nan
11.79094965	100	nan
11.85468451	100	nan
11.91841938	100	nan
11.98215424	100	nan
12.0458891	100	nan
12.10962396	100	nan
12.17335883	100	nan
12.23709369	100	nan
12.30082855	100	nan
12.36456342	100	nan
12.42829828	100	nan
12.49203314	100	nan
12.55576801	100	nan
12.61950287	100	nan
12.68323773	100	nan
12.74697259	100	nan
12.81070746	100	nan
12.87444232	100	nan
12.93817718	100	nan
13.00191205	100	nan
13.06564691	100	nan
13.12938177	100	nan
13.19311663	100	nan
13.2568515	100	nan
13.32058636	100	nan
13.38432122	100	nan
13.44805609	100	nan
13.51179095	100	nan
13.57552581	100	nan
13.63926068	100	nan
13.70299554	100	nan
13.7667304	100	nan
13.83046526	100	nan
13.89420013	100	nan
13.95793499	100	nan
14.02166985	100	nan
14.08540472	100	nan
14.14913958	100	nan
14.21287444	100	nan
14.27660931	100	nan
14.34034417	100	nan
14.40407903	100	nan
14.46781389	100	nan
14.53154876	100	nan
14.59528362	100	nan
14.65901848	100	nan
14.72275335	100	nan
14.78648821	100	nan
14.85022307	100	nan
14.91395793	100	nan
14.9776928	100	nan
15.04142766	100	nan
15.10516252	100	nan
15.16889739	100	nan
15.23263225	100	nan
15.29636711	100	nan
15.36010198	100	nan
15.42383684	100	nan
15.4875717	100	nan
15.55130656	100	nan
15.61504143	100	nan
15.67877629	100	nan
15.74251115	100	nan
15.80624602	100	nan
15.86998088	100	nan
15.93371574	100	nan
15.99745061	100	nan
16.06118547	100	nan
16.12492033	100	nan
16.18865519	100	nan
16.25239006	100	nan
16.31612492	100	nan
16.37985978	100	nan
16.44359465	100	nan
16.50732951	100	nan
16.57106437	100	nan
16.63479924	100	nan
16.6985341	100	nan
16.76226896	100	nan
16.82600382	100	nan
16.88973869	100	nan
16.95347355	100	nan
17.01720841	100	nan
17.08094328	100	nan
17.14467814	100	nan
17.208413	100	nan
17.27214786	100	nan
17.33588273	100	nan
17.39961759	100	nan
17.46335245	100	nan
17.52708732	100	nan
17.59082218	100	nan
17.65455704	100	nan
17.71829191	100	nan
17.78202677	100	nan
17.84576163	100	nan
17.90949649	100	nan
17.97323136	100	nan
18.03696622	100	nan
18.10070108	100	nan
18.16443595	100	nan
18.22817081	100	nan
18.29190567	100	nan
18.35564054	100	nan
18.4193754	100	nan
18.48311026	100	nan
18.54684512	100	nan
18.61057999	100	nan
18.67431485	100	nan
18.73804971	100	nan
18.80178458	100	nan
18.86551944	100	nan
18.9292543	100	nan
18.99298917	100	nan
19.05672403	100	nan
19.12045889	100	nan
19.18419375	100	nan
19.24792862	100	nan
19.31166348	100	nan
19.37539834	100	nan
19.43913321	100	nan
19.50286807	100	nan
19.56660293	100	nan
19.63033779	100	nan
19.69407266	100	nan
19.75780752	100	nan
19.82154238	100	nan
19.88527725	100	nan
19.94901211	100	nan
20.01274697	100	nan
20.07648184	100	nan
20.1402167	100	nan
20.20395156	100	nan
20.26768642	100	nan
20.33142129	100	nan
20.39515615	100	nan
20.45889101	100	nan
20.52262588	100	nan
20.58636074	100	nan
20.6500956	100	nan
20.71383047	100	nan
20.77756533	100	nan
20.84130019	100	nan
20.90503505	100	nan
20.96876992	100	nan
21.03250478	100	nan
21.09623964	100	nan
21.15997451	100	nan
21.22370937	100	nan
21.28744423	100	nan
21.35117909	100	nan
21.41491396	100	nan
21.47864882	100	nan
21.54238368	100	nan
21.60611855	100	nan
21.66985341	100	nan
21.73358827	100	nan
21.79732314	100	nan
21.861058	100	nan
21.92479286	100	nan
21.98852772	100	nan
22.05226259	100	nan
22.11599745	100	nan
22.17973231	100	nan
22.24346718	100	nan
22.30720204	100	nan
22.3709369	100	nan
22.43467177	100	nan
22.49840663	100	nan
22.56214149	100	nan
22.62587635	100	nan
22.68961122	100	nan
22.75334608	100	nan
22.81708094	100	nan
22.88081581	100	nan
22.94455067	100	nan
23.00828553	100	nan
23.0720204	100	nan
23.13575526	100	nan
23.19949012	100	nan
23.26322498	100	nan
23.32695985	100	nan
23.39069471	100	nan
23.45442957	100	nan
23.51816444	100	nan
23.5818993	100	nan
23.64563416	100	nan
23.70936902	100	nan
23.77310389	100	nan
23.83683875	100	nan
23.90057361	100	nan
23.96430848	100	nan
24.02804334	100	nan
24.0917782	100	nan
24.15551307	100	nan
24.21924793	100	nan
24.28298279	100	nan
24.34671765	100	nan
24.41045252	100	nan
24.47418738	100	nan
24.53792224	100	nan
24.60165711	100	nan
24.66539197	100	nan
24.72912683	100	nan
24.7928617	100	nan
24.85659656	100	nan
24.92033142	100	nan
24.98406628	100	nan
25.04780115	100	nan
25.11153601	100	nan
25.17527087	100	nan
25.23900574	100	nan
25.3027406	100	nan
25.36647546	100	nan
25.43021033	100	nan
25.49394519	100	nan
25.55768005	100	nan
25.62141491	100	nan
25.68514978	100	nan
25.74888464	100	nan
25.8126195	100	nan
25.87635437	100	nan
25.94008923	100	nan
26.00382409	100	nan
26.06755895	100	nan
26.13129382	100	nan
26.19502868	100	nan
26.25876354	100	nan
26.32249841	100	nan
26.38623327	100	nan
26.44996813	100	nan
26.513703	100	nan
26.57743786	100	nan
26.64117272	100	nan
26.70490758	100	nan
26.76864245	100	nan
26.83237731	100	nan
26.89611217	100	nan
26.95984704	100	nan
27.0235819	100	nan
27.08731676	100	nan
27.15105163	100	nan
27.21478649	100	nan
27.27852135	100	nan
27.34225621	100	nan
27.40599108	100	nan
27.46972594	100	nan
27.5334608	100	nan
27.59719567	100	nan
27.66093053	100	nan
27.72466539	100	nan
27.78840025	100	nan
27.85213512	100	nan
27.91586998	100	nan
27.97960484	121	nan
28.04333971	141.4213562	nan
28.10707457	141.4213562	nan
28.17080943	141.4213562	nan
28.2345443	141.4213562	nan
28.29827916	141.4213562	nan
28.36201402	141.4213562	nan
28.42574888	141.4213562	nan
28.48948375	141.4213562	nan
28.55321861	141.4213562	nan
28.61695347	141.4213562	nan
28.68068834	141.4213562	nan
28.7444232	141.4213562	nan
28.80815806	141.4213562	nan
28.87189293	141.4213562	nan
28.93562779	141.4213562	140.8734657
28.99936265	141.4213562	141.4213562
29.06309751	141.4213562	141.4213562
29.12683238	141.4213562	141.4213562
29.19056724	141.4213562	141.4213562
29.2543021	141.4213562	155.3072224
29.31803697	141.4213562	170.8956797
29.38177183	141.4213562	172.5340546
29.44550669	141.4213562	172.5340546
29.50924156	141.4213562	172.5340546
29.57297642	141.4213562	187.383297
29.63671128	141.4213562	187.383297
29.70044614	141.4213562	190.2117241
29.76418101	141.4213562	190.2117241
29.82791587	141.4213562	190.2117241
29.89165073	141.4213562	190.2117241
29.9553856	141.4213562	190.2117241
30.01912046	141.4213562	205.0609665
30.08285532	141.4213562	205.0609665
30.14659018	141.4213562	209.3036072
30.21032505	141.4213562	209.3036072
30.27405991	141.4213562	209.3036072
30.33779477	141.4213562	209.3036072
30.40152964	141.4213562	213.0422493
30.4652645	141.4213562	221.3244225
30.52899936	141.4213562	224.1528496
30.59273423	141.4213562	229.8097039
30.65646909	141.4213562	229.8097039
30.72020395	141.4213562	229.8097039
30.78393881	141.4213562	229.8097039
30.84767368	141.4213562	233.5
30.91140854	141.4213562	240.4163056
30.9751434	141.4213562	244.6589463
31.03887827	141.4213562	244.6589463
31.10261313	141.4213562	251.7300141
31.16634799	141.4213562	251.7300141
31.23008286	141.4213562	251.7300141
31.29381772	141.4213562	251.7300141
31.35755258	141.4213562	260.9224023
31.42128744	141.4213562	266.1584741
31.48502231	141.4213562	266.5792565
31.54875717	141.4213562	275.0645379
31.61249203	141.4213562	275.0645379
31.6762269	141.4213562	275.0645379
31.73996176	141.4213562	278.6000718
31.80369662	141.4213562	280.5922308
31.86743149	141.4213562	282.8427125
31.93116635	141.4213562	288.6751346
31.99490121	141.4213562	289.9137803
32.05863607	141.4213562	297.3353886
32.12237094	141.4213562	299.8132752
32.1861058	141.4213562	299.8132752
32.24984066	141.4213562	300.520382
32.31357553	141.4213562	306.1772363
32.37731039	141.4213562	314.6558967
32.44104525	141.4213562	314.6625176
32.50478011	141.4213562	319.6122651
32.56851498	141.4213562	325.9762261
32.63224984	141.4213562	325.9762261
32.6959847	141.4213562	325.9762261
32.75971957	141.4213562	330.9259736
32.82345443	141.4213562	340.0593086
32.88718929	141.4213562	340.1183618
32.95092416	141.4213562	346.4101615
33.01465902	141.4213562	349.2969129
33.07839388	141.4213562	353.5533906
33.14212874	141.4213562	357.0889245
33.20586361	141.4213562	363.4528855
33.26959847	141.4213562	368.402633
33.33333333	141.4213562	372.3909236
33.3970682	141.4213562	379.3191269
33.46080306	141.4213562	382.5447686
33.52453792	141.4213562	382.5447686
33.58827279	141.4213562	384.666089
33.65200765	141.4213562	391.5
33.71574251	141.4213562	396.0622847
33.77947737	141.4213562	404.7225387
33.84321224	141.4213562	409.9186911
33.9069471	141.4213562	412.9503602
33.97068196	141.4213562	412.9503602
34.03441683	141.4213562	419.1562954
34.09815169	141.4213562	433.0127019
34.16188655	141.4213562	437.631504
34.22562141	141.4213562	444.7701654
34.28935628	141.4213562	444.7701654
34.35309114	141.4213562	448.5
34.416826	141.4213562	459.6194078
34.48056087	141.4213562	461.7407281
34.54429573	141.4213562	467.653718
34.60803059	141.4213562	473.4272207
34.67176546	141.4213562	476.3139721
34.73550032	141.4213562	478.0041841
34.79923518	141.4213562	480.8326112
34.86297004	141.4213562	484.9742261
34.92670491	141.4213562	492.8534265
34.99043977	141.4213562	497.0985818
35.05417463	141.4213562	508.6455872
35.1179095	141.4213562	512.6524164
35.18164436	141.4213562	516.1511407
35.24537922	141.4213562	520.5
35.30911409	141.4213562	527.5016588
35.37284895	141.4213562	536.3584001
35.43658381	141.4213562	543.2866033
35.50031867	141.4213562	545.8864351
35.56405354	141.4213562	548.7148622
35.6277884	141.4213562	550.7921568
35.69152326	141.4213562	557.72036
35.75525813	141.4213562	563.5641046
35.81899299	141.4213562	568.1126649
35.88272785	141.4213562	577.3502692
35.94646272	141.4213562	582.5
36.01019758	141.4213562	586.1915216
36.07393244	141.4213562	586.5878735
36.1376673	141.4213562	594.093427
36.20140217	141.4213562	600.5
36.26513703	141.4213562	601.040764
36.32887189	141.4213562	605.6404324
36.39260676	141.4213562	612.5686356
36.45634162	141.4213562	617.30422
36.52007648	141.4213562	625.0823946
36.58381134	141.4213562	625.2703415
36.64754621	141.4213562	634.9818895
36.71128107	141.4213562	639.931637
36.77501593	141.4213562	647.2096518
36.8387508	141.4213562	656.1950929
36.90248566	141.4213562	661.0660582
36.96622052	141.4213562	665.3874811
37.02995539	141.4213562	669
37.09369025	141.4213562	673.8727625
37.15742511	141.4213562	680.2367235
37.22115997	141.4213562	692.9646456
37.28489484	141.4213562	698.0164755
37.3486297	141.4213562	707.1067812
37.41236456	141.4213562	713.0275824
37.47609943	141.4213562	716.4916841
37.53983429	141.4213562	721.6878365
37.60356915	141.4213562	727.4613392
37.66730402	141.4213562	728.6160397
37.73103888	141.4213562	733.5
37.79477374	141.4213562	742.4724462
37.8585086	141.4213562	746.5138981
37.92224347	141.4213562	750.5
37.98597833	141.4213562	756.3288526
38.04971319	141.4213562	764.9891067
38.11344806	141.4213562	769.6079088
38.17718292	141.4213562	774.9890322
38.24091778	141.4213562	775.4683746
38.30465264	141.4213562	781.3529932
38.36838751	141.4213562	787.9903553
38.43212237	141.4213562	794.7880221
38.49585723	141.4213562	795
38.5595921	141.4213562	799.6301228
38.62332696	141.4213562	808.2903769
38.68706182	141.4213562	809.6372645
38.75079669	141.4213562	816.3732806
38.81453155	141.4213562	822.7241336
38.87826641	141.4213562	825.9007204
38.94200127	141.4213562	836.2894236
39.00573614	141.4213562	840.7499628
39.069471	141.4213562	843.57839
39.13320586	141.4213562	849
39.19694073	141.4213562	853.5
39.26067559	141.4213562	856.7877995
39.32441045	141.4213562	864.9110937
39.38814532	141.4213562	871.8626612
39.45188018	141.4213562	877
39.51561504	141.4213562	888.1261172
39.5793499	141.4213562	893.1608664
39.64308477	141.4213562	903.5
39.70681963	141.4213562	906.5108935
39.77055449	141.4213562	917.986928
39.83428936	141.4213562	922
39.89802422	141.4213562	930.1112837
39.96175908	141.4213562	936.9164851
40.02549395	141.4213562	936.9164851
40.08922881	141.4213562	945.6997409
40.15296367	141.4213562	952.0505939
40.21669853	141.4213562	961.0620167
40.2804334	141.4213562	972.8352036
40.34416826	141.4213562	976.267279
40.40790312	141.4213562	987.1210665
40.47163799	141.4213562	998.434775
40.53537285	141.4213562	1001.970309
40.59910771	141.4213562	1008.05357
40.66284257	141.4213562	1019.023225
40.72657744	141.4213562	1025
40.7903123	141.4213562	1035.911434
40.85404716	141.4213562	1039.230485
40.91778203	141.4213562	1044.426637
40.98151689	141.4213562	1053.589104
41.04525175	141.4213562	1058.283043
41.10898662	141.4213562	1062.5
41.17272148	141.4213562	1069.85256
41.23645634	141.4213562	1079.067653
41.3001912	141.4213562	1084.5
41.36392607	141.4213562	1091.77287
41.42766093	141.4213562	1097.542862
41.49139579	141.4213562	1103.5
41.55513066	141.4213562	1112.728594
41.61886552	141.4213562	1124.294979
41.68260038	141.4213562	1127.244654
41.74633525	141.4213562	1133.239251
41.81007011	141.4213562	1141.263435
41.87380497	141.4213562	1147.5
41.93753983	141.4213562	1156.941572
42.0012747	141.4213562	1161.069335
42.06500956	141.4213562	1172.383043
42.12874442	141.4213562	1177.332791
42.19247929	141.4213562	1189.341555
42.25621415	141.4213562	1199.733859
42.31994901	141.4213562	1202.081528
42.38368388	141.4213562	1202.081528
42.44741874	141.4213562	1209
42.5111536	141.4213562	1217.050468
42.57488846	141.4213562	1225.416052
42.63862333	141.4213562	1233.5
42.70235819	141.4213562	1245.344531
42.76609305	141.4213562	1252.272734
42.82982792	141.4213562	1257.5
42.89356278	141.4213562	1259.357177
42.95729764	141.4213562	1262.665039
43.0210325	141.4213562	1274.20642
43.08476737	141.4213562	1279.985547
43.14850223	141.4213562	1290.469876
43.21223709	141.4213562	1296.025
43.27597196	141.4213562	1308.147545
43.33970682	141.4213562	1318.04704
43.40344168	141.4213562	1323.703894
43.46717655	141.4213562	1332.896283
43.53091141	141.4213562	1343
43.59464627	141.4213562	1354.5
43.65838113	141.4213562	1363.301874
43.722116	141.4213562	1373
43.78585086	141.4213562	1378.151117
43.84958572	141.4213562	1387.343505
43.91332059	141.4213562	1399.47514
43.97705545	141.4213562	1409.312007
44.04079031	141.4213562	1423
44.10452518	141.4213562	1438.686137
44.16826004	141.4213562	1442.798323
44.2319949	141.4213562	1446.033368
44.29572976	141.4213562	1454.518649
44.35946463	141.4213562	1473
44.42319949	141.4213562	1481.618642
44.48693435	141.4213562	1500.128436
44.55066922	141.4213562	1508.616253
44.61440408	141.4213562	1517.853858
44.67813894	141.4213562	1540.947868
44.7418738	141.4213562	1548.453422
44.80560867	141.4213562	1555.6703
44.86934353	141.4213562	1566.948627
44.93307839	141.4213562	1572
44.99681326	141.4213562	1581.79787
45.06054812	141.4213562	1596.4
45.12428298	141.4213562	1600.360317
45.18801785	141.4213562	1612.539302
45.25175271	156.2705986	1618.567422
45.31548757	156.2705986	1627.5
45.37922243	156.2705986	1632.709558
45.4429573	156.2705986	1639.5
45.50669216	156.2705986	1646.025617
45.57042702	156.2705986	1654.5
45.63416189	156.2705986	1668.402565
45.69789675	156.2705986	1683.553385
45.76163161	156.2705986	1690.760295
45.82536648	156.2705986	1699.884702
45.88910134	156.2705986	1701
45.9528362	156.2705986	1707.799336
46.01657106	156.2705986	1714.733944
46.08030593	156.2705986	1730.006613
46.14404079	156.2705986	1743.941617
46.20777565	156.2705986	1751.503497
46.27151052	156.2705986	1768.47406
46.33524538	156.2705986	1789.318306
46.39898024	156.2705986	1801.708078
46.46271511	156.2705986	1815.5
46.52644997	156.2705986	1831.355054
46.59018483	156.2705986	1839.914186
46.65391969	156.2705986	1850.479855
46.71765456	169	1868.176116
46.78138942	172.5340546	1879.467576
46.84512428	172.5340546	1899.482386
46.90885915	172.5340546	1911
46.97259401	172.5340546	1924.744658
47.03632887	172.5340546	1934.123402
47.10006373	172.5340546	1943
47.1637986	172.5340546	1969.292386
47.22753346	172.5340546	1982.727414
47.29126832	172.5340546	1995.5
47.35500319	172.5340546	2006.597404
47.41873805	172.5340546	2020.204074
47.48247291	173.2050808	2032.789485
47.54620778	173.2050808	2050.5
47.60994264	173.2050808	2056.973626
47.6736775	173.2050808	2071.115762
47.73741236	173.2050808	2087.966061
47.80114723	173.2050808	2098.692927
47.86488209	173.2050808	2111.420849
47.92861695	173.2050808	2120.680042
47.99235182	173.2050808	2132.731894
48.05608668	173.2050808	2151.584955
48.11982154	173.2050808	2174.801328
48.18355641	173.2050808	2187.163294
48.24729127	173.2050808	2209.708691
48.31102613	173.2050808	2227.222493
48.37476099	173.2050808	2258.499059
48.43849586	173.2050808	2269.105661
48.50223072	173.2050808	2286.609368
48.56596558	173.2050808	2298.44668
48.62970045	173.2050808	2314.597229
48.69343531	173.2050808	2330.381182
48.75717017	173.2050808	2346.333333
48.82090504	173.2050808	2359.629096
48.8846399	173.2050808	2379.068009
48.94837476	173.2050808	2388.498064
49.01210962	173.2050808	2398.506202
49.07584449	173.2050808	2414.059089
49.13957935	173.2050808	2421.840726
49.20331421	173.2050808	2455.470695
49.26704908	173.2050808	2467.0177
49.33078394	173.2050808	2492.421112
49.3945188	173.2050808	2508.58692
49.45825366	173.2050808	2532.149383
49.52198853	173.2050808	2541.495885
49.58572339	173.2050808	2558.665888
49.64945825	173.2050808	2566.899297
49.71319312	173.2050808	2586.410889
49.77692798	173.2050808	2600.031634
49.84066284	173.2050808	2616.29509
49.90439771	173.2050808	2631.144333
49.96813257	173.2050808	2647.407789
50.03186743	173.2050808	2665.085458
50.09560229	173.2050808	2687.619783
50.15933716	173.2050808	2704.683438
50.22307202	173.2050808	2728.557372
50.28680688	173.2050808	2741.666667
50.35054175	173.2050808	2756.302233
50.41427661	173.2050808	2775.900094
50.47801147	173.2050808	2790.243359
50.54174634	173.2050808	2812.163669
50.6054812	173.2050808	2828.427125
50.66921606	173.2050808	2838.253923
50.73295092	173.2050808	2855.5
50.79668579	173.2050808	2877.217493
50.86042065	173.2050808	2886.409881
50.92415551	173.2050808	2895.44235
50.98789038	173.2050808	2919.6439
51.05162524	173.2050808	2938.571195
51.1153601	173.2050808	2945.099744
51.17909496	173.2050808	2956.610729
51.24282983	173.2050808	2973.384015
51.30656469	173.2050808	2999.740179
51.37029955	173.2050808	3021.467276
51.43403442	173.2050808	3048.333333
51.49776928	173.2050808	3059.114969
51.56150414	173.2050808	3089.349527
51.62523901	173.2050808	3117.691454
51.68897387	173.2050808	3140.261215
51.75270873	173.2050808	3168.545486
51.81644359	173.2050808	3189.642188
51.88017846	173.2050808	3218.750068
51.94391332	173.2050808	3242.791699
52.00764818	173.2050808	3269.661756
52.07138305	173.2050808	3312.79527
52.13511791	173.2050808	3334.305565
52.19885277	173.2050808	3340.372434
52.26258764	173.2050808	3352.94321
52.3263225	173.2050808	3355.221677
52.39005736	173.2050808	3366.675674
52.45379222	173.2050808	3387.195772
52.51752709	173.2050808	3401.183618
52.58126195	173.2050808	3413.362506
52.64499681	173.2050808	3436.677477
52.70873168	173.2050808	3457.045053
52.77246654	173.2050808	3468.358762
52.8362014	173.2050808	3486.036431
52.89993627	173.2050808	3506.248185
52.96367113	173.2050808	3508.989028
53.02740599	173.2050808	3525.634411
53.09114085	173.2050808	3541.177876
53.15487572	173.2050808	3560.282643
53.21861058	173.2050808	3576.677808
53.28234544	173.2050808	3595.442694
53.34608031	173.2050808	3617.676787
53.40981517	173.2050808	3626.043574
53.47355003	173.2050808	3652.206525
53.53728489	173.2050808	3677.721215
53.60101976	173.2050808	3713.724815
53.66475462	173.2050808	3734.230911
53.72848948	173.2050808	3752.969241
53.79222435	173.2050808	3773.828891
53.85595921	173.2050808	3804.630531
53.91969407	173.2050808	3825.447686
53.98342894	173.2050808	3845.788513
54.0471638	173.2050808	3867.958148
54.11089866	173.2050808	3892.331277
54.17463352	173.2050808	3906.764966
54.23836839	173.2050808	3927.271063
54.30210325	185.3294364	3947.460956
54.36583811	185.3294364	3975.113604
54.42957298	185.3294364	4002.178607
54.49330784	185.3294364	4022.730478
54.5570427	185.3294364	4042
54.62077757	185.3294364	4057.838952
54.68451243	185.3294364	4087.876331
54.74824729	185.3294364	4101.219331
54.81198215	185.3294364	4125.191208
54.87571702	185.3294364	4145
54.93945188	185.3294364	4164.505388
55.00318674	185.3294364	4180.061737
55.06692161	185.3294364	4190.870077
55.13065647	185.3294364	4194.665192
55.19439133	185.3294364	4219.604393
55.2581262	185.3294364	4232.741192
55.32186106	185.3294364	4260.852919
55.38559592	185.3294364	4279.234664
55.44933078	185.3294364	4311.937152
55.51306565	185.3294364	4327.847054
55.57680051	190.2117241	4339.696985
55.64053537	190.2117241	4362.84884
55.70427024	190.2117241	4387.894598
55.7680051	190.2117241	4411.939275
55.83173996	190.2117241	4432.852411
55.89547482	190.2117241	4461.136683
55.95920969	190.2117241	4474.819237
56.02294455	196	4476.233254
56.08667941	197.4537921	4497.906235
56.15041428	198.6084926	4520.861101
56.21414914	198.6084926	4532.54996
56.277884	198.6084926	4546.34305
56.34161887	198.6084926	4571.564357
56.40535373	198.6084926	4592.385019
56.46908859	198.6084926	4596.194078
56.53282345	198.6084926	4599.729612
56.59655832	198.6084926	4622
56.66029318	198.6084926	4633.670737
56.72402804	200	4647.380992
56.78776291	200	4667.838054
56.85149777	200	4669.497093
56.91523263	200	4698.246778
56.9789675	200	4712.083085
57.04270236	200	4745.630085
57.10643722	200	4776.688414
57.17017208	200	4806.39695
57.23390695	200	4834.842616
57.29764181	200	4850.666667
57.36137667	200	4868.360864
57.42511154	200	4882.5
57.4888464	200	4912.026291
57.55258126	200	4931.009139
57.61631612	200	4950.213255
57.68005099	200	4981.567273
57.74378585	200	5013.387079
57.80752071	200	5033.293173
57.87125558	200	5053.546906
57.93499044	200	5072.784048
57.9987253	200	5104
58.06246017	200	5119.453096
58.12619503	200	5143.938071
58.18992989	200	5169.412003
58.25366475	200	5183.092706
58.31739962	200	5199.039174
58.38113448	200	5218.666667
58.44486934	200	5232.590181
58.50860421	200	5245.390956
58.57233907	200	5264.409986
58.63607393	200	5277.525187
58.6998088	200	5308.957713
58.76354366	200	5330.720572
58.82727852	200	5367.666667
58.89101338	200	5394.549403
58.95474825	200	5429.620263
59.01848311	200	5463.814098
59.08221797	200	5483.70569
59.14595284	200	5505.597152
59.2096877	200	5538.293167
59.27342256	200	5561.394834
59.33715743	200	5585.697808
59.40089229	200	5601.699921
59.46462715	200	5625.499818
59.52836201	209.3036072	5656.854249
59.59209688	209.3036072	5684.20771
59.65583174	209.3036072	5694
59.7195666	209.3036072	5715
59.78330147	209.3036072	5733.928889
59.84703633	209.3036072	5754.131137
59.91077119	210.5	5769.63569
59.97450605	210.5	5784.13347
60.03824092	210.5	5805.279683
60.10197578	210.5	5830.095411
60.16571064	210.5	5847.340264
60.22944551	210.5	5866.506231
60.29318037	210.5	5881.305994
60.35691523	210.5	5905.5
60.4206501	210.5	5919.333333
60.48438496	210.5	5936.74664
60.54811982	210.5	5951.722784
60.61185468	210.5	5967.77351
60.67558955	210.5	5988.48733
60.73932441	210.5	6000.025125
60.80305927	210.5	6011.80606
60.86679414	210.5	6043.5
60.930529	210.7328483	6071.5
60.99426386	213.0422493	6101.480488
61.05799873	213.0422493	6122.354122
61.12173359	213.0422493	6145.361516
61.18546845	213.0422493	6169.506666
61.24920331	213.0422493	6180.820374
61.31293818	213.0422493	6199.722074
61.37667304	221	6217.465437
61.4404079	221	6244
61.50414277	222	6275.540017
61.56787763	222	6309.885577
61.63161249	222	6333.555439
61.69534736	222	6350
61.75908222	222	6366.430044
61.82281708	222	6389.416875
61.88655194	222	6411.864455
61.95028681	222	6452.349378
62.01402167	223.6067977	6468.050232
62.07775653	223.6067977	6482.090712
62.1414914	223.6067977	6502.333333
62.20522626	223.6067977	6523.060056
62.26896112	223.6067977	6538.026209
62.33269598	223.6067977	6555
62.39643085	223.6067977	6561
62.46016571	223.6067977	6587.406774
62.52390057	223.6067977	6598.720482
62.58763544	223.6067977	6618.519472
62.6513703	223.6067977	6642.347649
62.71510516	223.6067977	6659.885219
62.77884003	223.6067977	6687.91986
62.84257489	223.6067977	6725.999703
62.90630975	223.6067977	6725.999703
62.97004461	223.6067977	6760.923084
63.03377948	223.6067977	6786.457332
63.09751434	223.6067977	6823.666667
63.1612492	223.6067977	6840.197448
63.22498407	223.6067977	6861
63.28871893	223.6067977	6877.250672
63.35245379	223.6067977	6893.350361
63.41618866	223.6067977	6913
63.47992352	225.166605	6949.610649
63.54365838	228.6307066	6970.640016
63.60739324	228.6307066	6995.407386
63.67112811	228.6307066	6995.407386
63.73486297	228.6307066	7027
63.79859783	228.6307066	7052.329482
63.8623327	228.6307066	7091
63.92606756	228.6307066	7125
63.98980242	229.8097039	7147.333333
64.05353728	229.8097039	7182.458881
64.11727215	229.8097039	7204.052206
64.18100701	232.5	7216.878365
64.24474187	232.9982833	7242.859127
64.30847674	232.9982833	7281.333333
64.3722116	232.9982833	7302.5
64.43594646	232.9982833	7332.132812
64.49968133	232.9982833	7350.275107
64.56341619	232.9982833	7367.656898
64.62715105	232.9982833	7385.285316
64.69088591	232.9982833	7414.666667
64.75462078	232.9982833	7442.62232
64.81835564	234.5	7462.451415
64.8820905	234.5	7492
64.94582537	234.5	7509.979852
65.00956023	234.5	7546.729424
65.07329509	242.3897688	7572.40652
65.13702996	242.3897688	7597.929543
65.20076482	243.284196	7629.240332
65.26449968	243.284196	7640.288771
65.32823454	243.284196	7659.985176
65.39196941	243.284196	7682.715178
65.45570427	244.9489743	7686.841484
65.51943913	244.9489743	7721.959604
65.583174	244.9489743	7750.5
65.64690886	244.9489743	7771.32753
65.71064372	244.9489743	7796.651149
65.77437859	244.9489743	7825.754414
65.83811345	244.9489743	7861.489431
65.90184831	244.9489743	7884.666667
65.96558317	244.9489743	7915.353309
66.02931804	244.9489743	7962
66.0930529	244.9489743	7964.5
66.15678776	244.9489743	7988.602548
66.22052263	244.9489743	8041.5
66.28425749	244.9489743	8072.205399
66.34799235	244.9489743	8097
66.41172721	245	8137.031285
66.47546208	245.3738644	8181.225458
66.53919694	245.3738644	8203
66.6029318	245.3738644	8238.450502
66.66666667	248	8240.231717
66.73040153	248	8305.129986
66.79413639	251.7300141	8333.253416
66.85787126	251.7300141	8376
66.92160612	251.7300141	8411.666667
66.98534098	251.7300141	8430.5
67.04907584	252.6756815	8466.5
67.11281071	253.5221884	8495.534423
67.17654557	253.5221884	8521.073383
67.24028043	253.5221884	8536.900169
67.3040153	253.5221884	8550.557487
67.36775016	253.5221884	8589.455184
67.43148502	253.5221884	8616.096129
67.49521989	253.5221884	8639.758571
67.55895475	253.5221884	8664
67.62268961	254.0341184	8688.652417
67.68642447	254.4645358	8728.753426
67.75015934	254.4645358	8764.996129
67.8138942	254.4645358	8789.088792
67.87762906	256.5	8831.895841
67.94136393	261.1727398	8859.175647
68.00509879	262.0954025	8877.637084
68.06883365	262.5	8916.5
68.13256851	262.5	8929
68.19630338	262.5	8946.331096
68.26003824	262.9118991	8975.890588
68.3237731	262.9118991	9010.272637
68.38750797	262.9118991	9051.115263
68.45124283	262.9118991	9076.199921
68.51497769	263.2717228	9123.306449
68.57871256	263.2717228	9153.311168
68.64244742	263.2717228	9193.786722
68.70618228	263.8560213	9227.389941
68.76991714	263.8560213	9276
68.83365201	264.5751311	9295.339334
68.89738687	264.5751311	9318.36371
68.96112173	264.5751311	9353
69.0248566	264.5751311	9384.14057
69.08859146	264.5751311	9411.964088
69.15232632	264.5751311	9455.537221
69.21606119	266.5393029	9478.971019
69.27979605	266.5393029	9514.469244
69.34353091	266.5393029	9539
69.40726577	270.6686166	9557
69.47100064	271.4851132	9588.342093
69.5347355	271.4851132	9624.453448
69.59847036	272.512385	9664.843506
69.66220523	272.512385	9685.666667
69.72594009	272.512385	9704.913422
69.78967495	272.512385	9730.333333
69.85340982	273	9759.949953
69.91714468	273.1181063	9809.630217
69.98087954	273.1181063	9843.432332
70.0446144	275.0645379	9869.225502
70.10834927	275.0645379	9923.222471
70.17208413	275.0645379	9943
70.23581899	275.9307884	9966.5
70.29955386	278	9997.075672
70.36328872	278	10015.1069
70.42702358	278	10073.6075
70.49075844	279.5084972	10117.76038
70.55449331	280.449639	10155.59124
70.61822817	280.449639	10182.5
70.68196303	281.2055679	10233.38811
70.7456979	281.2055679	10255.5
70.80943276	281.6913204	10281.38959
70.87316762	282.3242816	10315.20956
70.93690249	282.3242816	10353.44195
71.00063735	282.5	10384.5
71.06437221	282.8427125	10412.92123
71.12810707	282.8427125	10434.5676
71.19184194	282.8427125	10454.65867
71.2555768	284.1408102	10496.22789
71.31931166	284.1408102	10497.33333
71.38304653	284.5	10525.28444
71.44678139	288.3868929	10567.35729
71.51051625	289	10600.94486
71.57425112	289.1428219	10621.75
71.63798598	290.2645345	10671.41082
71.70172084	290.2673337	10708.42509
71.7654557	290.2673337	10744.77404
71.82919057	290.2673337	10784.10864
71.89292543	290.6546797	10818.5797
71.95666029	290.6546797	10845.11584
72.02039516	291.0810311	10894.51388
72.08413002	293.3721186	10937.95012
72.14786488	293.3721186	10961.66667
72.21159975	294.5	11021.06607
72.27533461	294.5	11057.35615
72.33906947	295	11101.5
72.40280433	296	11131.27495
72.4665392	297.0800758	11159.60335
72.53027406	297.6919549	11211.19763
72.59400892	298.2914682	11246.53335
72.65774379	298.3990617	11261
72.72147865	298.5919337	11289.66687
72.78521351	299.8132752	11327.92037
72.84894837	299.8132752	11370.98415
72.91268324	300	11383.5
72.9764181	300	11413.39319
73.04015296	300	11443.33333
73.10388783	300.8597205	11473.5
73.16762269	302.5315411	11507.29456
73.23135755	302.5315411	11514.30971
73.29509242	302.5315411	11542.40392
73.35882728	305.0173297	11544.11863
73.42256214	306.5291876	11570.9813
73.486297	307	11602.91517
73.55003187	307	11629.2761
73.61376673	307.2378964	11660.19082
73.67750159	307.7276935	11719.66667
73.74123646	308.1301673	11738.10832
73.80497132	308.6357076	11756.79821
73.86870618	308.6357076	11779.80051
73.93244105	311.8206902	11796.33435
73.99617591	312	11829.40246
74.05991077	312.5	11872.5
74.12364563	313.2483041	11896.71804
74.1873805	314	11931.10542
74.25111536	314.6666667	11968.47108
74.31485022	316.227766	11988.28837
74.37858509	316.783838	12026.20611
74.44231995	317.2089217	12051.95919
74.50605481	319.7579442	12075.96961
74.56978967	321.380032	12104.72574
74.63352454	322.0871388	12143.98556
74.6972594	322.1614502	12174.96456
74.76099426	322.8685491	12210.38084
74.82472913	322.8685491	12229.4764
74.88846399	323	12249.18038
74.95219885	323.7826431	12268.72679
75.01593372	323.893501	12271.5
75.07966858	323.893501	12313.13192
75.14340344	324.2084592	12342.57057
75.2071383	325.9762261	12365.45592
75.27087317	327.0368863	12397
75.33460803	328.6666667	12431.19631
75.39834289	330.1417877	12462.59556
75.46207776	330.5	12493
75.52581262	330.6811153	12528.51795
75.58954748	331.662479	12570
75.65328235	333.1741286	12610.08175
75.71701721	335.4101966	12650.5
75.78075207	336.1501153	12678.50543
75.84448693	336.3965913	12718.30744
75.9082218	336.7825708	12753
75.97195666	337.6666667	12798.63274
76.03569152	337.6666667	12816.95508
76.09942639	338.0474819	12836.80589
76.16316125	340.3295462	12856.46155
76.22689611	341	12882.27481
76.29063098	342.4358125	12905.21897
76.35436584	344.3259555	12949
76.4181007	344.9289782	12979.65208
76.48183556	346.4101615	13002.50541
76.54557043	346.4101615	13034.45285
76.60930529	346.4101615	13076.05891
76.67304015	348.1052796	13113.47739
76.73677502	349.7210317	13158.23734
76.80050988	350	13201.86467
76.86424474	351.2607164	13256.50264
76.9279796	351.5017781	13304.6508
76.99171447	352	13372.38306
77.05544933	352.8462838	13408.33333
77.11918419	353.5533906	13465.60136
77.18291906	353.5533906	13529.5
77.24665392	353.5533906	13559.0975
77.31038878	355.7562368	13575.74309
77.37412365	357.176427	13634.70396
77.43785851	357.7708764	13662.99412
77.50159337	358.6653036	13679.73728
77.56532823	360.0069444	13709.08367
77.6290631	360.9780118	13763.89283
77.69279796	362.038672	13793.47528
77.75653282	363.2238586	13832.74378
77.82026769	365	13861.60261
77.88400255	366.3794796	13894.03198
77.94773741	367.1623619	13933.9224
78.01147228	369.1097398	13959.17481
78.07520714	370.0815226	14006.67644
78.138942	370.5	14018.39194
78.20267686	370.5	14040.31225
78.26641173	370.8589538	14100.04827
78.33014659	372.2000806	14133.66667
78.39388145	372.7585319	14163.34883
78.45761632	374.413675	14199.35252
78.52135118	375.9948138	14255.93285
78.58508604	376.1066338	14318.91232
78.64882091	377.4482746	14400.2296
78.71255577	379.0304517	14443.00956
78.77629063	379.6922843	14492.40378
78.84002549	381	14526.71012
78.90376036	382.2058782	14557.30969
78.96749522	382.5447686	14630.80223
79.03123008	384.1616413	14693.52315
79.09496495	385.6666667	14708.98971
79.15869981	387	14731.43965
79.22243467	387.7435891	14759.43984
79.28616953	389.3034072	14778.17326
79.3499044	391.5377194	14812.5
79.41363926	392	14866.21297
79.47737412	393.4610164	14914.4781
79.54110899	394.6666667	14943.5
79.60484385	394.9075841	15015.14845
79.66857871	395.3368184	15057
79.73231358	396.3333509	15096.97453
79.79604844	398.6590858	15104.06039
79.8597833	400.969762	15145.05226
79.92351816	401.7163178	15173.5
79.98725303	403.4044187	15211.50423
80.05098789	404.7283039	15233.38685
80.11472275	406.3526793	15275.5
80.17845762	407.3013626	15328.0723
80.24219248	409.6666667	15362.71331
80.30592734	411	15402.55048
80.36966221	412.3307734	15440.4966
80.43339707	412.9503602	15479
80.49713193	414.2490624	15518.59789
80.56086679	415.4614302	15545.5
80.62460166	416.3333333	15627.05986
80.68833652	419.039139	15673.49488
80.75207138	420.3749814	15733.79372
80.81580625	421.3805881	15817.05045
80.87954111	423.3534772	15872.69353
80.94327597	426	15902.09079
81.00701083	427.6738513	15951.61059
81.0707457	428.6666667	15990.26904
81.13448056	430.6280297	16043.78774
81.19821542	433.0127019	16086.67927
81.26195029	434.2995181	16139
81.32568515	435.5	16198.07643
81.38942001	436.4804692	16279.54554
81.45315488	438	16329.05315
81.51688974	439.2751605	16391
81.5806246	440.5053916	16443.06109
81.64435946	442.2503062	16474.88138
81.70809433	442.9201652	16524.37837
81.77182919	444.4862203	16589.00528
81.83556405	444.7701654	16638.22256
81.89929892	444.8483824	16685.59872
81.96303378	446.2917581	16748.53122
82.02676864	448.0238089	16801.5
82.09050351	448.6592527	16849.5
82.15423837	451.5732499	16918.17114
82.21797323	453.6666667	16994.15159
82.28170809	455.3333333	17048.5761
82.34544296	457.6666667	17099.06776
82.40917782	459.2793268	17134.98891
82.47291268	461.3008238	17186.23032
82.53664755	462.5	17225.5
82.60038241	465.6666667	17270
82.66411727	467.044029	17327
82.72785214	468.6759465	17373.98821
82.791587	472.6666667	17422.69907
82.85532186	474.0254213	17483.21516
82.91905672	476.0974319	17533.01597
82.98279159	478.0041841	17628.17205
83.04652645	478.0041841	17680.41696
83.11026131	478.0041841	17749.96972
83.17399618	480.0337488	17829.95884
83.23773104	481.2018288	17866.68143
83.3014659	482.2473432	17909.60055
83.36520076	484	17970.5
83.42893563	486.9499828	17999.47199
83.49267049	487.8609775	18029.66129
83.55640535	489.0860281	18085.67014
83.62014022	491.868885	18126.79816
83.68387508	497.5492605	18159.5
83.74760994	499.9847998	18232.42808
83.81134481	501.7173839	18235.22639
83.87507967	502.9618939	18284.2757
83.93881453	504.5	18306.55948
84.00254939	505.7588358	18345.32139
84.06628426	506.5	18391.2119
84.13001912	509.5116126	18448.6505
84.19375398	509.6666667	18502.63275
84.25748885	511.3632404	18567.5
84.32122371	512.6524164	18613
84.38495857	514.0739895	18614.36669
84.44869344	516.25	18651.2314
84.5124283	519.7543651	18699.79787
84.57616316	523.9453693	18753.88605
84.63989802	525.0073015	18815.26792
84.70363289	527.25	18879.93115
84.76736775	528.7328248	18943.52069
84.83110261	529.6229791	19017.99043
84.89483748	532.6666667	19076.34313
84.95857234	536.3584001	19121.53343
85.0223072	536.3933125	19194.5
85.08604207	538.5450095	19251
85.14977693	540.1170244	19318.14001
85.21351179	542	19399.55051
85.27724665	543.5807646	19445.68257
85.34098152	544.1186681	19530.5
85.40471638	545.7355337	19606.5
85.46845124	548	19658.27562
85.53218611	548.7148622	19730.94545
85.59592097	550.1290758	19774.78465
85.65965583	553.390233	19825.15282
85.72339069	556.9724281	19919.78797
85.78712556	560.7356775	19975.41302
85.85086042	563.25	20107.93406
85.91459528	565.7942001	20176.5
85.97833015	568.1126649	20239.20948
86.04206501	569.3997514	20284.04701
86.10579987	571.5476066	20316
86.16953474	573.5012674	20389.67146
86.2332696	577.0589586	20441
86.29700446	581.3776741	20540.39053
86.36073932	584.0702013	20605
86.42447419	586.1915216	20630.41037
86.48820905	588.4998726	20663.05697
86.55194391	590.7584713	20711.35603
86.61567878	590.7691597	20796
86.67941364	594.8818829	20895.5
86.7431485	598.9324431	20985.51505
86.80688337	601.0216302	21080.96848
86.87061823	602.1181551	21146.02829
86.93435309	604.5	21200.87923
86.99808795	608	21310.57579
87.06182282	613.1459859	21405.27437
87.12555768	616.25	21473.67357
87.18929254	619.6666667	21573.47266
87.25302741	622.6075208	21673.5
87.31676227	625	21731.66667
87.38049713	625.6666667	21827.5
87.44423199	628.9770266	21884.55786
87.50796686	631.3325194	21976.5233
87.57170172	632.5	22089.99865
87.63543658	635.0852961	22224.31101
87.69917145	636.6286615	22288.60714
87.76290631	638	22318.0462
87.82664117	639.8070732	22396.50121
87.89037604	643.7455501	22535.13571
87.9541109	648.063365	22566.31262
88.01784576	648.6666667	22648.00919
88.08158062	650.723082	22725.6613
88.14531549	654.5	22795.00131
88.20905035	660.424507	22887.63229
88.27278521	665.3874811	22957.43437
88.33652008	665.3874811	23012.01499
88.40025494	669.0238479	23097.24057
88.4639898	674.7116733	23186.03136
88.52772467	676.9368919	23305.28941
88.59145953	680.3360514	23429.18951
88.65519439	687.3863542	23491.23574
88.71892925	694.1199464	23595.5
88.78266412	698	23655.36313
88.84639898	705.6925676	23719.31468
88.91013384	707.1067812	23808.28532
88.97386871	713.2189606	23899.99174
89.03760357	719.7417361	23992.13309
89.10133843	723.0077224	24107.87805
89.1650733	726.7220927	24214.64764
89.22880816	729	24296.05403
89.29254302	733.8683596	24405.78755
89.35627788	740.2187276	24460.23777
89.42001275	747.8786666	24593.38942
89.48374761	754.3041345	24698.5
89.54748247	762.5	24736
89.61121734	768.162181	24806.7201
89.6749522	770.3091525	24848
89.73868706	779.0665202	24903
89.80242192	782.886965	25003.29578
89.86615679	787.9848016	25048.34143
89.92989165	794.7880221	25140.74622
89.99362651	798	25278.36032
90.05736138	803	25365.5
90.12109624	811	25494.75265
90.1848311	818.2930841	25583.0504
90.24856597	822.7241336	25706.28468
90.31230083	824.6618701	25708.76549
90.37603569	828.7291476	25829.80153
90.43977055	834.5	25896.84044
90.50350542	840.7499628	25933.99674
90.56724028	841.810623	26039.20722
90.63097514	849.4709465	26235
90.69471001	857.6666667	26425.32182
90.75844487	863.7160027	26579.4368
90.82217973	878.1497594	26681.26808
90.8859146	881.3267839	26791.56883
90.94964946	886.7046537	26949.55587
91.01338432	890.3895215	27078.70086
91.07711918	901.4452681	27147.95065
91.14085405	907.8832983	27213.82002
91.20458891	917.4095777	27328.29764
91.26832377	926	27441.452
91.33205864	934.7322989	27552.41573
91.3957935	937.7002816	27644.33333
91.45952836	943.9662713	27776.56858
91.52326322	949.1638425	27881.97883
91.58699809	954.6862461	27980.21533
91.65073295	960.7876797	28115.22606
91.71446781	970.3333333	28291.34232
91.77820268	982.1713191	28454.5
91.84193754	987.1210665	28597
91.9056724	990.5	28743.5
91.96940727	994.1921343	28882.66667
92.03314213	1001	29009.0557
92.09687699	1005.744169	29146.66667
92.16061185	1011.597153	29258.66439
92.22434672	1015.174862	29286.24156
92.28808158	1029.19392	29467
92.35181644	1038.062504	29575.72001
92.41555131	1038.739862	29745
92.47928617	1039.230485	29950.21482
92.54302103	1053	30146.0834
92.6067559	1069.261494	30338.41645
92.67049076	1076.142891	30381
92.73422562	1085.513966	30546.03021
92.79796048	1087.883783	30626.69973
92.86169535	1092.759387	30714.18253
92.92543021	1102.5	30748.53838
92.98916507	1118.842551	30914.56118
93.05289994	1133.915929	31042.96927
93.1166348	1146.220092	31152.2023
93.18036966	1152.376359	31274.67679
93.24410453	1162.5	31405.44058
93.30783939	1171	31538.33333
93.37157425	1181.950827	31733.53813
93.43530911	1188.333333	31927.99249
93.49904398	1202.081528	32131.27453
93.56277884	1209.265562	32335.9931
93.6265137	1217.423568	32433.28544
93.69024857	1225.425946	32581.67147
93.75398343	1245.344531	32661.5
93.81771829	1259.357177	32813.74165
93.88145315	1265.5697	32904.86651
93.94518802	1265.5697	33088.52128
94.00892288	1275	33278.3594
94.07265774	1276.333333	33381.80403
94.13639261	1284.604349	33477
94.20012747	1293.738832	33657.49997
94.26386233	1304.761536	33791.33333
94.3275972	1317	33890.32904
94.39133206	1318.04704	34035.19069
94.45506692	1323.864167	34257.90306
94.51880178	1338.908361	34513.71872
94.58253665	1345.553524	34651.76781
94.64627151	1356.666667	34668.66667
94.71000637	1372.498525	34790.91931
94.77374124	1381.89001	34948.40085
94.8374761	1390.836798	35111.26795
94.90121096	1428.717047	35111.80247
94.96494583	1439.669406	35212.6398
95.02868069	1445.685074	35365.5
95.09241555	1450	35642.47635
95.15615041	1450	35903.20187
95.21988528	1460.5	36057.49609
95.28362014	1468.469101	36262.79306
95.347355	1486.432026	36445.52442
95.41108987	1501.68805	36637.07938
95.47482473	1518.502742	36806.5
95.53855959	1546.144021	37014.81677
95.60229446	1566.948627	37158.46135
95.66602932	1587.219022	37256.33074
95.72976418	1603	37372.27325
95.79349904	1612.988996	37550.90561
95.85723391	1616.580754	37679.98149
95.92096877	1616.580754	37858.49706
95.98470363	1628.705109	38188.01613
96.0484385	1631.88241	38396.56821
96.11217336	1662.5	38557.11856
96.17590822	1683.639348	38697.77503
96.23964308	1684.840695	38923.53736
96.30337795	1702.570292	39073.49905
96.36711281	1737.24696	39219
96.43084767	1768.47406	39418.01228
96.49458254	1818.364673	39598.68685
96.5583174	1838.477631	39743.34916
96.62205226	1863.666667	39889.21665
96.68578713	1900	40089.47064
96.74952199	1930.947975	40439.28937
96.81325685	1982.453698	40778.27728
96.87699171	1984.5	41378.69379
96.94072658	2005.001278	41600.5
97.00446144	2054.713646	41807.52426
97.0681963	2057.676359	41973
97.13193117	2106.076922	42156.64546
97.19566603	2141	42378.5
97.25940089	2147.794256	42546.61502
97.32313576	2186.427268	42719.5
97.38687062	2220	42943.5
97.45060548	2269.67666	43233.67291
97.51434034	2296.5	43516.04449
97.57807521	2370.232056	43516.5
97.64181007	2442.680659	43691.5
97.70554493	2462	43978
97.7692798	2554.774941	44300.23984
97.83301466	2591.365002	44461.5
97.89674952	2624.628259	44746.95526
97.96048438	2690.358311	45179.49893
98.02421925	2801.91062	45461.7149
98.08795411	2877.217493	45573.03205
98.15168897	2979.336973	45824.64586
98.21542384	3064.913912	46076.49208
98.2791587	3169.606147	46409.53937
98.34289356	3283.132752	46662.71377
98.40662843	3386.483146	46949.54654
98.47036329	3462.5	47461.7548
98.53409815	3642.107522	47929.69381
98.59783301	3714.108911	48113.47467
98.66156788	3739.580496	48526.84129
98.72530274	3838.882715	48891.62633
98.7890376	3942.827412	49484.69157
98.85277247	4260.793504	49846.07833
98.91650733	4483.7641	50164.98348
98.98024219	4520.53332	50480.35311
99.04397706	4762	51305.5
99.10771192	5060.056126	51933
99.17144678	5376.986352	52460.31357
99.23518164	5444.722215	52979.97558
99.29891651	5444.722215	53372.60612
99.36265137	5444.722215	53969.54846
99.42638623	5444.722215	54938.34222
99.4901211	5444.722215	55449.5
99.55385596	5459.571458	56188.84521
99.61759082	5748.071024	56830.8964
99.68132569	6122.222254	57893.14158
99.74506055	6614.5	59304.59616
99.80879541	7690.305586	60478.13589
99.87253027	8976.666667	62969.57313
99.93626514	10304.69567	64989.04536
100	14746.74475	70892.72389
